variant_G14_s80_t100_a25: 0.046887398829557204 17.589391946792603 29.630533516237133 1 58.82146485851739
variant_G14_s70_t100_a25: 0.026351049730927736 18.08977222442627 29.46514633305384 0 14.78119365768157
variant_G14_s80_t110_a25: 0.09043575808854275 18.100279092788696 31.543169103359958 1 68.01584125693827
variant_G14_s70_t110_a25: 0.07252396789970135 18.33013653755188 30.818626857908924 0 24.33454625903243
variant_G14_s80_t100_a35: 0.019287585466209563 18.21934175491333 29.077913666023466 0 13.316968177429272
variant_G14_s70_t110_a35: 0.0731560008247594 18.29864239692688 30.613161282640043 0 24.413560900865264
