variant_G3_z08_l08_t90: 0.01580079363491063 17.85983896255493 29.55801020597896 0 12.643728560688904
variant_G3_z08_l08_t92: 0.01978780650504809 18.010748624801636 29.026694447217928 0 13.365049915413532
variant_G3_z08_l08_t94: 0.013757846042008305 18.740001440048218 28.940540426370024 0 12.28767758168531
variant_G3_z08_l09_t90: 0.014808741796378002 18.37044358253479 29.19082902064461 0 12.474002879911481
variant_G3_z08_l09_t92: 0.01521332207451861 17.48925518989563 29.00192728649504 0 12.340900910181857
variant_G3_z08_l09_t94: 0.12690411843970179 17.048915147781372 33.316158801500116 1 75.45383847779665
variant_G3_z08_l10_t90: 0.02361614397305212 17.689449787139893 29.310298114326617 1 54.12317837490373
variant_G3_z08_l10_t92: 0.015723426316752064 17.849382877349854 28.949221829375976 0 12.504406204695579
variant_G3_z08_l10_t94: 0.014416832993264772 18.35107398033142 28.874306730024678 0 12.328442740724174
variant_G3_z10_l08_t90: 0.014875114249936148 18.36935043334961 29.408657077095466 0 12.530624352076245
variant_G3_z10_l08_t92: 0.014646262440167887 17.659956455230713 29.027147227117567 0 12.266673224503233
variant_G3_z10_l08_t94: 0.013979169827940155 18.639430046081543 28.979777081935797 0 12.319675391191499
variant_G3_z10_l09_t90: 0.01622283061981302 17.799569129943848 29.36577187806148 0 12.67763432556367
variant_G3_z10_l09_t92: 0.018221283768095654 18.19871687889099 29.342319273367455 0 13.15246398407082
variant_G3_z10_l09_t94: 0.08345478993478923 17.029231071472168 32.71383838100815 0 26.639571877453914
variant_G3_z10_l10_t90: 0.03135034050684769 17.699573278427124 29.580318221645648 0 15.726046401384094
variant_G3_z10_l10_t92: 0.01991596053368192 17.82002902030945 28.99731594681299 0 13.346661100160873
variant_G3_z10_l10_t94: 0.01490963243922695 18.339664936065674 28.914224286319634 0 12.432704332322452
variant_G3_z12_l08_t90: FAILED (run_eval rc=1)
variant_G3_z12_l08_t92: 0.0203448806854935 18.319103717803955 28.920391045364394 0 13.51687508973237
variant_G3_z12_l08_t94: 0.04378588052439556 16.940122604370117 30.93513473746316 1 58.332227573245774
variant_G3_z12_l09_t90: 0.04901767282660473 18.40261435508728 31.645025385408644 0 19.813062513420128
variant_G3_z12_l09_t92: 0.0239198710688038 18.460073947906494 29.53147597466501 0 14.382284198275062
variant_G3_z12_l09_t94: 0.023857068255203433 16.909693479537964 30.249750786859675 0 14.203302504320215
variant_G3_z12_l10_t90: 0.10484569925091752 17.908236503601074 44.69205256456589 0 33.4891976638169
variant_G3_z12_l10_t92: 0.021580166042302205 18.319732666015625 29.814622560621103 0 13.942904253787788
variant_G3_z12_l10_t94: 0.03725637283652768 17.089569807052612 30.63574433436308 0 16.996337395588675
