variant_G9_r25_p150_s10: 0.02610331080477026 18.310046434402466 29.94147631630199 0 14.870966711094944
variant_G9_r25_p150_s20: 0.02271610223200406 18.398775815963745 29.902735389897934 0 14.203522687573148
variant_G9_r25_p200_s10: 0.23973559389912463 16.326133966445923 39.364809718236785 1 99.08530751676147
variant_G9_r25_p200_s20: 0.019947611836375542 18.479839324951172 29.23280058659642 0 13.532050349584626
variant_G9_r30_p150_s10: 0.024410467022839673 18.41005539894104 30.06168508537322 0 14.576441501430788
variant_G9_r30_p150_s20: 0.03158178171879509 18.350122451782227 29.634132804437947 0 15.913207395003052
variant_G9_r30_p200_s10: 0.05162383986020999 17.750460386276245 31.07141248254341 1 60.08914254580593
variant_G9_r30_p200_s20: 0.02556445476551344 18.01068091392517 29.4211097054141 1 54.599249076970544
variant_G9_r35_p150_s10: 0.03221590014067421 17.69953179359436 30.22694196422128 1 56.02847477969797
variant_G9_r35_p150_s20: 0.025093048221653272 18.19891905784607 29.666848951059325 1 54.59176324611174
variant_G9_r35_p200_s10: 0.06940566627251926 17.689409017562866 31.29713752158395 1 63.67844256233322
variant_G9_r35_p200_s20: 0.3047672623516996 16.640584230422974 44.02092233898281 1 113.08575378422107
