variant_G6_v125_a114_g88: 0.04316623147744048 17.880260229110718 31.586601453435094 0 18.52661863199726
variant_G6_v125_a114_g84: 0.0416780217920368 17.009145736694336 32.2006636824241 1 58.17756624223105
variant_G6_v125_a114_g80: 0.044283668809597845 14.528723239898682 31.649222027567067 1 58.092322815412714
variant_G6_v125_a125_g88: 0.026943787953614236 16.029402494430542 29.883681024966524 0 14.571374294602261
variant_G6_v125_a125_g84: 0.19698957911124687 17.460376739501953 33.36716143916384 0 49.56342345798253
variant_G6_v125_a125_g80: 0.05837863696678502 14.669174432754517 32.406796245563996 1 61.090921529020704
variant_G6_v135_a114_g88: 0.05349962878353708 17.039416790008545 31.33119292004071 0 20.37404769871727
variant_G6_v135_a114_g84: 0.16149709387710373 14.79950499534607 35.28344499769551 1 82.31600877402906
variant_G6_v135_a114_g80: 0.05128119780057386 16.508902072906494 32.723852238579994 0 20.10279042241207
variant_G6_v135_a125_g88: 0.04354903259538702 16.739410400390625 32.15194712046524 0 18.488078023248576
variant_G6_v135_a125_g84: 0.08907161793138117 14.449867248535156 34.717515362153236 1 67.64780010841392
variant_G6_v135_a125_g80: 0.054124115099566536 15.970182418823242 30.61852282724625 0 20.142564069127204
