variant_G4_s2_p090: 0.023648458507844042 17.63978672027588 29.077616092348986 0 14.073172264093783
variant_G4_s2_p100: 0.021301880312888634 17.830333709716797 28.779243514820614 0 13.582291507485209
variant_G4_s2_p110: 0.030257422452027193 16.32997703552246 29.163270339228713 0 15.150133965355673
variant_G4_s3_p090: 0.020985373529132618 18.469135761260986 29.591498153100275 0 13.809201488698776
variant_G4_s3_p100: 0.026138677651542163 18.199915170669556 28.800124886232606 0 14.627743541688865
variant_G4_s3_p110: 0.021721132110335835 18.58973002433777 29.627004619036548 0 13.98757335074203
variant_G4_lazy_1: 0.06659083634791955 21.748554468154907 31.977403881371714 1 64.06335893948923
variant_G4_lazy_2: 0.04932853747312981 21.61111807823181 29.650091828918207 0 20.117949476055966
variant_G4_lazy_3: 0.046643627560168 21.530288457870483 30.526871822213074 1 59.74015756805031
variant_G4_weighted_1: 0.04495840399632333 22.189329385757446 29.161737341263315 0 19.26189414466882
variant_G4_weighted_2: 0.04027819946848942 21.169511556625366 29.201002537321997 1 58.12974271248736
variant_G4_theta_zrewire_1: 0.022235903040718135 18.390258073806763 29.2709840918821 0 13.9794290412814
variant_G4_theta_zrewire_2: 0.024015179112697523 18.33974027633667 29.87407780003984 0 14.445799437814808
