variant_G13_infl1_base: 0.016422247698924912 18.279495000839233 28.766323181773945 0 12.693613176307618
variant_G13_infl1_los: 0.04205437795669179 18.539275646209717 31.475580317717135 0 18.41384678412373
variant_G13_infl1_smooth: 0.08613459413707827 18.29968786239624 33.53157720076717 1 67.59317184004834
variant_G13_infl1_fast: 0.03798004816826442 16.00897216796875 31.584583707618908 0 17.114720808770414
variant_G13_infl1_z08: 0.04993400074988239 18.860888957977295 31.023686982240644 0 19.963715338020066
