variant_G10_base_p100_s05: 0.020464934973359473 17.429537296295166 29.088759311206193 0 13.396646316172166
variant_G10_base_p100_s10: 0.021337162267015496 17.759819269180298 28.959310698525652 0 13.61125844694429
variant_G10_base_p150_s05: 0.02093485644605841 17.53873896598816 29.03954711743368 0 13.502628505896052
variant_G10_base_p150_s10: 0.025560567837389317 17.68607759475708 29.6097232886718 0 14.57127374416364
variant_G10_fast_p100_s05: 0.08756242621291044 15.828648328781128 34.1562158172512 0 27.50945807178855
variant_G10_fast_p100_s10: 0.045764166921234875 18.199455976486206 32.202105711424394 0 19.233145721829096
variant_G10_fast_p150_s05: 0.07774404926144626 17.809335947036743 32.12223859296955 0 25.53512476029051
variant_G10_fast_p150_s10: 0.07028075037371989 17.82993721961975 32.14941762732272 0 24.052021044132474
