variant_G5_v100_a090_t105: 0.018069585430555663 20.26869535446167 29.273585180547766 0 13.52237319311302
variant_G5_v100_a090_t110: 0.029890984520471637 19.720379114151 30.482905365676693 0 16.018853800059865
variant_G5_v100_a090_t114: 0.025339915804566456 20.83952832221985 29.51803252541089 0 15.13949533043944
variant_G5_v100_a100_t105: 0.038745727375662904 20.93436598777771 30.906883604966133 0 18.11739539368135
variant_G5_v100_a100_t110: 0.0486804682094956 20.799826860427856 32.00011381710561 1 60.29608177740581
variant_G5_v100_a100_t114: 0.04021216876894783 23.19965934753418 31.753141164575222 1 59.03299385621145
variant_G5_v110_a090_t105: 0.040447779434795425 23.309630632400513 31.50631637924645 0 19.052745289288477
variant_G5_v110_a090_t110: 0.08295218869496197 20.349953174591064 33.42966501047841 1 67.34636137600629
variant_G5_v110_a090_t114: 0.0210304507723726 19.55002188682556 28.963556920447935 0 13.90880591592922
variant_G5_v110_a100_t105: 0.021937120161559354 20.32960867881775 29.094775079750356 0 14.272300784025493
variant_G5_v110_a100_t110: 0.0360195125785142 20.989626169204712 31.384806087808595 0 17.678788967105504
variant_G5_v110_a100_t114: 0.019982826225477913 20.519381999969482 29.145728842801205 0 13.92958741364972
