variant_G2_p090: 0.01613870949789764 18.290355443954468 29.038830761701615 0 12.693579140710746
variant_G2_p100: 0.016354034181106408 17.830382108688354 29.324262112935642 0 12.701735680546081
variant_G2_p110: 0.015528774480416242 17.599708318710327 29.08641212539218 0 12.44297898490375
