variant_G7_p120_s05: 0.020573494852222124 17.430031538009644 29.02600231658358 0 13.40590574136307
variant_G7_p120_s10: 0.02708072428024278 18.55950403213501 29.85844965412271 0 15.099735593300101
variant_G7_p120_s20: 0.04054936119902303 16.429993629455566 29.969050602635956 0 17.389681086222915
variant_G7_p150_s05: 0.018630565020667032 18.60996174812317 28.985314413944113 0 13.245168236546863
variant_G7_p150_s10: 0.02117757681216291 18.179710626602173 29.465213854605395 0 13.764500258674097
variant_G7_p150_s20: 0.02109553250984514 18.473493576049805 29.75222530263894 0 13.864250277706777
variant_G7_p200_s05: 0.028514620493430325 18.24987769126892 29.84684820721094 0 15.322269278382038
variant_G7_p200_s10: 0.024242876522687327 17.768828868865967 29.55241097361124 0 14.312823273032908
variant_G7_p200_s20: 0.021174418588205825 17.35904860496521 29.341767642069037 0 13.575046967048015
