variant_G8_z06_l15: 0.1030140704137882 19.719879150390625 33.690884623426484 0 31.28496683752106
variant_G8_z06_l20: 0.019148053185544765 18.660139083862305 29.044658559154847 0 13.370570165712383
variant_G8_z03_l15: 0.022456901219185792 17.530224084854126 28.85786129433108 0 13.7689973196742
variant_G8_z03_l20: 0.021491502714718228 18.440061569213867 28.96303296498538 0 13.778919449783496
variant_G8_z00_l15: 0.021825077983949743 17.649903297424316 29.264562289232494 0 13.747908714121312
variant_G8_z00_l20: 0.02108105072125989 18.538749933242798 29.11734655179979 0 13.747429441260497
