variant_G11_raw_base: 0.15064108860543396 16.069962978363037 34.24263260894776 1 80.19073683854896
variant_G11_raw_los: 0.050595556374922336 18.45965552330017 31.575596241837616 1 60.12616162801203
variant_G11_raw_smooth: 0.04038267923182503 17.66960096359253 29.641971776908047 1 57.53885039446512
variant_G11_raw_los_smooth: 0.06483277312450411 20.189847707748413 31.467310664431313 1 63.29798629933677
variant_G11_raw_fast1: 0.13093421139411063 17.009092092514038 33.527964677276955 1 76.29425363278033
variant_G11_raw_fast2: 0.07165108630487509 14.292686939239502 32.32549079408289 1 63.653852807639495
